      0/49     1.79G    0.1113   0.06101         0    0.1723         0       640   0.05957    0.1493   0.02264  0.004186    0.1014   0.05648         0
      1/49     3.23G    0.1013   0.06713         0    0.1684         2       640    0.3345    0.2836    0.1758   0.04743   0.08808   0.05927         0
      2/49     3.23G   0.08398   0.06746         0    0.1514         4       640    0.4912    0.3459    0.3089   0.06843   0.07212    0.0515         0
      3/49     3.23G   0.07032   0.05538         0    0.1257         4       640    0.6023    0.5425    0.5283    0.1559   0.06608   0.04327         0
      4/49     3.23G   0.06708   0.05221         0    0.1193         0       640    0.6078    0.6597    0.6466    0.2443   0.05898   0.04118         0
      5/49     3.23G   0.06707   0.05202         0    0.1191         2       640    0.5438    0.5633    0.5378    0.1761   0.05963   0.03856         0
      6/49     3.23G   0.06298    0.0481         0    0.1111         1       640    0.5527    0.5992    0.5728    0.2164   0.05664   0.03725         0
      7/49     3.23G   0.05931   0.04736         0    0.1067         7       640    0.7955    0.6988    0.7731    0.3081   0.05077     0.036         0
      8/49     3.23G   0.05607    0.0443         0    0.1004         3       640    0.7909    0.7486    0.8158    0.3781   0.04679   0.03595         0
      9/49     3.23G   0.05502   0.04598         0     0.101        14       640    0.5834    0.6389    0.6605    0.2358   0.05474   0.03504         0
     10/49     3.23G   0.05277   0.04416         0   0.09693         7       640    0.8097    0.8204    0.8735     0.437   0.04491   0.03504         0
     11/49     3.23G   0.05085   0.05011         0     0.101        45       640    0.8098    0.7486    0.8334     0.388   0.04725    0.0349         0
     12/49     3.23G   0.05252   0.04736         0   0.09988         8       640    0.8544    0.7875    0.8747    0.4578   0.04232   0.03509         0
     13/49     3.23G   0.05415   0.04241         0   0.09657         3       640    0.7646    0.6201    0.7701    0.3425   0.04577   0.03429         0
     14/49     3.23G    0.0509   0.04667         0   0.09757        17       640    0.8965    0.7164    0.8777    0.4081   0.04611   0.03399         0
     15/49     3.23G   0.05074   0.04173         0   0.09247         2       640    0.8618    0.8372    0.9021    0.4803   0.04057   0.03398         0
     16/49     3.23G    0.0484   0.04401         0   0.09241         5       640    0.8599    0.7543    0.8565    0.3808   0.04578   0.03521         0
     17/49     3.23G   0.04581   0.04254         0   0.08835        12       640    0.8744    0.8299    0.9074    0.4828   0.04149   0.03404         0
     18/49     3.23G   0.04468   0.04037         0   0.08505         0       640     0.855     0.828     0.887    0.4845    0.0406   0.03365         0
     19/49     3.23G   0.04504   0.04406         0    0.0891         5       640    0.9041    0.7844    0.8924    0.4688   0.04217   0.03411         0
     20/49     3.23G   0.04352   0.04277         0   0.08629         4       640    0.8308    0.8448    0.8909    0.4585   0.04582   0.03353         0
     21/49     3.23G   0.04879   0.04941         0    0.0982        82       640    0.9019    0.7825    0.8878    0.4768   0.04172   0.03341         0
     22/49     3.23G   0.04595   0.04011         0   0.08607         4       640    0.9047    0.8261    0.9182    0.4894   0.04026   0.03368         0
     23/49     3.23G   0.04317   0.04074         0   0.08391        14       640    0.8607    0.7524    0.8558    0.4717   0.04203   0.03605         0
     24/49     3.23G   0.04403   0.04173         0   0.08577        17       640    0.8478    0.8752    0.9151    0.5133   0.03898   0.03331         0
     25/49     3.23G   0.04203   0.03762         0   0.07966         0       640    0.8669     0.862    0.9068    0.4896   0.03997   0.03335         0
     26/49     3.23G   0.04247   0.04049         0   0.08296         0       640    0.8783    0.8052    0.8773    0.4852   0.03897   0.03569         0
     27/49     3.23G   0.03902   0.03715         0   0.07617         0       640    0.8982    0.8185    0.9107    0.5017   0.03844   0.03425         0
     28/49     3.23G   0.03799   0.03895         0   0.07694         5       640    0.8871    0.8374    0.9083    0.5273   0.03683   0.03365         0
     29/49     3.23G   0.03655   0.03973         0   0.07628         0       640     0.888    0.8412    0.9143     0.525   0.03772   0.03403         0
     30/49     3.23G   0.03592   0.03639         0   0.07231         4       640    0.8707    0.8655    0.9203    0.5241   0.03723   0.03372         0
     31/49     3.23G   0.03633   0.03755         0   0.07388         5       640    0.8913    0.8715    0.9248    0.5366   0.03667   0.03351         0
     32/49     3.23G   0.03568    0.0392         0   0.07489        13       640    0.8765    0.8449    0.9142    0.5175   0.03656   0.03303         0
     33/49     3.23G   0.03579   0.03722         0   0.07301         9       640    0.8937    0.8581    0.9206    0.5386   0.03556   0.03302         0
     34/49     3.23G   0.03438   0.03583         0   0.07021         2       640     0.896    0.8507    0.9191    0.5307   0.03657   0.03367         0
     35/49     3.23G   0.03639   0.03825         0   0.07465         5       640     0.869    0.8651    0.9101    0.5314   0.03629   0.03364         0
     36/49     3.23G   0.03381   0.03739         0    0.0712        14       640    0.8952    0.8562     0.924    0.5433   0.03577   0.03316         0
     37/49     3.23G   0.03402   0.03638         0    0.0704         1       640    0.8861    0.8827    0.9323    0.5421   0.03615   0.03279         0
     38/49     3.23G   0.03314   0.03511         0   0.06826         3       640      0.89    0.8563    0.9214    0.5447   0.03568    0.0337         0
     39/49     3.23G   0.03376   0.03526         0   0.06902         5       640    0.8943    0.8488    0.9159    0.5456   0.03556   0.03358         0
     40/49     3.23G   0.03227   0.03313         0    0.0654         4       640     0.898    0.8317    0.9093    0.5417    0.0357   0.03414         0
     41/49     3.23G   0.03292   0.03529         0    0.0682        23       640    0.8639    0.8638    0.9107    0.5372    0.0355   0.03411         0
     42/49     3.23G   0.03331   0.03564         0   0.06895         3       640    0.8893    0.8657    0.9213    0.5508   0.03515   0.03379         0
     43/49     3.23G   0.03172   0.03606         0   0.06777         4       640    0.9054    0.8506    0.9196    0.5458   0.03539   0.03404         0
     44/49     3.23G   0.03204   0.03415         0   0.06619        16       640    0.9097    0.8431    0.9169    0.5381   0.03607   0.03453         0
     45/49     3.23G   0.03196    0.0345         0   0.06645         1       640    0.9153    0.8581    0.9215    0.5427   0.03568    0.0337         0
     46/49     3.23G   0.03265   0.03604         0   0.06868        10       640     0.906    0.8562    0.9217    0.5472   0.03548   0.03352         0
     47/49     3.23G   0.03182   0.03516         0   0.06698         6       640    0.8906     0.879    0.9201     0.553   0.03486   0.03341         0
     48/49     3.23G   0.02997   0.03218         0   0.06215         3       640    0.8914    0.8696    0.9184    0.5549   0.03471   0.03342         0
     49/49     3.23G   0.03044   0.03267         0   0.06311         6       640    0.9121    0.8639    0.9205    0.5506   0.03521   0.03367         0
